94
44
181
190
225
298
353
371
377
429
441
500
515
618
620
725
749
824
928
962
1062
1063
1088
1102
1164
1328
1334
1385
1617
1627
1638
1651
1665
1677
1706
1741
1743
1761
1832
1872
1985
2039
2165
2328
2361
2488
2507
2589
2602
1468
459
63
509
14
2346
602
1999
1900
528
557
687
1540
470
844
1520
1684
1873
573
2008
1903
109
487
1410
1424
2009
2243
2364
1802
1920
290
2478
161
2274
1493
164
252
832
474
1745
603
872
874
1051
1187
1388
55
84
46
122
146
134
56
96
32
99
5
7
112
157
110
20
47
57
72
81
90
94
132
23
123
39
79
19
42
43
51
73
106
147
0
71
26
95
131
153
155
9
10
14
16
21
27
28
60
70
78
82
97
109
111
149
