455
357
56
61
65
130
257
273
303
60
238
371
400
443
495
500
612
622
636
660
726
769
801
808
853
935
968
983
158
409
595
706
718
826
995
1048
1111
1117
1144
1214
1220
1226
19
55
75
91
149
150
188
192
39
69
121
147
23
30
45
53
62
63
67
94
107
113
184
208
215
233
236
270
275
277
281
290
313
326
345
349
354
363
17
44
66
152
165
191
374
375
378
386
389
392
394
405
414
415
419
425
427
444
453
455
459
465
476
487
489
490
511
514
515
71
35
50
88
99
105
110
133
153
124
143
175
187
196
201
230
237
243
248
289
6
54
101
112
141
178
193
261
268
293
307
309
311
324
333
334
335
338
341
7
25
27
103
167
218
226
239
18
38
95
114
154
159
162
198
207
225
227
262
271
3
274
283
299
304
330
4
116
172
190
231
280
329
337
342
344
348
353
358
360
364
366
96
111
321
369
370
377
379
380
383
387
396
398
403
407
411
421
430
431
433
436
441
445
447
454
456
457
461
462
472
474
484
493
497
502
503
510
513
516
517
520
523
525
527
530
533
535
539
544
545
555
562
563
33
81
144
255
259
276
339
365
393
477
501
568
569
106
129
214
260
2
31
97
221
232
355
481
571
573
574
575
577
578
580
0
78
90
108
254
266
406
470
482
582
583
585
586
587
589
590
598
600
602
603
604
605
606
607
15
16
21
52
80
235
5
34
185
203
229
291
292
297
381
410
413
417
506
522
531
547
548
559
570
608
610
611
614
618
627
628
629
630
633
637
640
642
643
644
645
646
647
649
651
652
653
654
656
657
662
663
665
671
672
677
679
680
681
684
685
686
688
157
212
224
298
305
316
362
73
76
84
92
126
155
194
267
372
373
388
401
432
437
458
480
508
529
532
536
542
594
597
678
689
692
693
695
696
698
703
704
705
708
709
710
711
713
714
716
717
719
8
32
100
127
249
51
136
182
256
282
288
322
327
308
385
404
434
475
488
504
507
561
592
615
631
664
668
670
673
683
720
721
722
724
725
727
729
730
733
738
740
742
745
746
29
37
39
33
55
21
3
69
13
8
9
29
47
2
64
70
56
86
67
20
26
87
16
40
53
76
89
0
5
6
