94
560
245
156
861
406
361
407
2019
218
452
2132
623
1269
948
107
563
859
920
141
170
274
837
624
930
1986
191
239
641
739
751
758
874
953
966
1363
1411
2057
500
982
1082
222
255
332
621
3
422
730
885
1101
1116
1158
476
840
959
1441
1596
1730
1979
35
432
750
1029
1489
18
173
270
548
1133
1486
1043
152
127
185
637
899
1687
1530
514
738
252
1618
711
1766
1948
497
374
429
1543
480
535
768
1110
1581
1981
68
84
7
19
20
138
1
131
47
96
149
114
41
61
80
95
157
60
99
105
112
151
13
59
72
158
14
32
42
69
62
122
125
21
56
77
81
152
4
17
28
40
46
0
30
44
68
78
94
109
136
2
3
5
6
8
23
43
53
54
66
73
93
111
113
145
154
160
163
