108
33
679
818
988
1347
1409
1498
630
1334
1578
39
154
167
238
332
463
1298
1276
352
1530
146
227
774
295
371
932
815
6
61
188
335
911
1028
538
1594
1210
101
86
178
372
373
396
401
436
321
468
482
515
517
550
599
163
508
594
604
668
705
787
852
150
858
873
876
882
901
953
997
1016
1029
1093
1107
1113
1144
1149
1181
1197
1200
1232
1313
1320
1332
20
133
141
1049
1284
1344
1357
1368
1417
48
1000
281
118
628
868
1424
1448
1476
1480
91
215
272
394
447
621
390
258
43
42
202
241
23
33
21
115
68
174
9
114
137
36
67
157
85
159
228
282
116
27
111
201
280
342
22
72
113
178
203
234
160
329
7
34
52
158
358
359
66
315
331
371
