106
335
326
53
283
313
321
617
743
890
723
259
397
642
885
582
27
126
970
9
869
877
112
238
54
57
375
585
453
279
161
171
925
105
205
130
425
99
158
231
443
701
593
41
922
118
143
182
483
75
756
10
177
223
204
232
762
265
310
322
360
393
488
522
553
606
192
614
623
630
653
721
725
760
515
36
124
339
1019
104
224
416
21
272
387
479
504
618
661
728
717
415
786
32
468
292
491
742
812
818
828
842
846
856
867
915
924
44
62
44
79
92
169
263
303
320
5
205
214
77
84
16
45
86
116
185
262
13
58
64
93
157
274
285
4
293
301
343
19
25
118
279
48
32
96
174
240
315
328
184
190
358
