1057
55
288
308
660
776
777
899
1081
1199
1475
1524
1594
1802
1860
1945
2349
2359
2414
2426
2528
2626
2790
2902
2929
3013
3052
3097
3136
3555
3839
3872
4536
4909
4981
5573
5618
6132
6168
6300
6308
6483
6518
6721
6757
6770
6923
7120
7288
7419
7426
7440
7588
7942
8033
8156
8244
1
6
11
12
14
15
25
29
31
32
33
34
39
40
41
44
45
47
52
57
58
61
62
77
80
49
65
19
46
75
79
83
91
95
97
99
102
104
118
120
122
127
129
132
139
142
94
112
138
150
152
158
163
165
56
90
114
168
169
170
177
179
182
59
64
188
190
192
193
198
36
53
119
86
147
148
200
201
202
203
204
206
207
219
221
223
224
225
226
228
231
235
236
241
242
243
245
246
247
249
251
256
258
260
263
264
265
266
268
271
275
278
281
284
286
290
295
296
297
298
303
309
311
312
317
318
319
321
325
329
330
331
332
333
334
338
339
341
342
244
248
348
349
354
360
362
363
364
373
374
375
377
378
379
381
383
384
385
390
391
392
395
396
401
402
404
405
406
408
413
415
416
425
429
431
433
434
438
439
440
443
445
450
453
455
459
460
465
466
471
472
479
480
481
482
486
487
491
500
510
517
518
522
523
524
526
528
531
535
536
538
540
544
549
550
551
556
560
561
562
567
568
571
574
575
576
584
585
586
588
595
603
604
605
606
607
609
614
619
622
623
625
633
639
640
643
644
645
649
650
651
661
663
667
670
672
673
680
682
683
692
697
699
704
707
712
714
719
720
724
736
739
741
747
748
750
752
753
754
756
757
758
760
762
764
765
766
767
769
770
771
778
779
781
782
784
788
790
792
793
797
798
802
803
161
386
501
806
807
809
812
813
815
817
818
823
824
825
826
830
30
123
366
394
428
441
666
693
696
698
831
833
834
836
837
849
852
854
855
858
862
863
866
869
872
874
875
880
881
885
891
893
894
9
22
96
98
105
117
159
232
337
387
423
488
42
215
277
106
285
504
505
262
276
398
456
513
527
578
612
657
703
709
722
728
733
789
860
103
164
229
368
581
775
892
895
897
900
903
904
911
913
917
918
920
922
923
927
928
930
931
932
933
934
939
941
942
944
270
708
763
946
947
949
950
951
954
955
960
961
963
964
965
966
968
969
971
972
973
976
977
978
979
981
987
989
990
992
993
995
999
1001
1003
1006
1007
1008
1009
1010
1012
1013
1014
1016
1017
1019
1020
1021
1022
1027
1028
1032
1034
1040
1045
1046
1048
1051
1054
1055
1056
1057
1058
88
157
234
316
403
299
315
458
353
546
573
627
629
641
669
725
816
882
952
996
1050
1060
1064
1065
347
473
521
876
1066
1069
1070
1071
1073
1075
1078
1079
1080
1085
1086
1089
1092
1093
1094
1097
1102
1103
1104
1105
1106
1107
1108
1109
1114
1115
1117
1119
1120
1124
1125
1126
1129
1130
1131
1132
1133
1135
1136
1137
1144
1146
1147
1150
1151
1153
1155
1157
1159
1162
1163
1164
1166
1169
1170
1171
1173
68
985
1177
1181
1182
1185
1190
1191
1192
1195
1198
1200
1201
1203
1204
1207
1208
1209
1210
2
17
69
145
320
593
721
938
986
1072
1212
1213
1216
1221
1222
1223
1226
1230
1232
1234
1236
1237
1238
1240
1241
1242
1245
1250
1251
1252
1253
1256
1259
1264
1268
1270
1272
1276
1277
1278
1279
1280
1281
1283
1284
1286
1288
1289
1290
1297
1298
1299
1302
1303
1306
1307
1309
1310
1312
1313
1314
1317
1319
1322
1325
1329
1332
1333
841
982
1334
1335
1336
1337
1341
1342
1347
1348
1349
1350
1352
1354
1355
1356
1358
1359
1360
1364
1365
1368
1371
1376
1378
1381
1384
1385
1387
1388
1390
1391
1392
1397
1398
1400
1402
1404
1406
1409
1411
1414
1418
1419
1420
1422
1423
1424
1425
1427
1428
1431
1432
1433
1434
1437
1438
1440
1443
1444
1446
1447
1449
1450
1452
1454
1459
1462
1463
1464
1465
1467
1468
1469
1472
1473
1474
1477
1478
1485
1487
1488
1489
1491
1493
1495
1497
1498
1501
1502
1503
1504
1508
1511
1512
1514
1519
1523
1525
1526
1527
113
154
454
462
552
671
907
935
962
1186
1187
1229
126
174
199
346
485
582
594
794
808
889
1038
1346
1366
1379
1439
1442
1515
1530
1531
1534
1536
1539
1542
1544
1545
1546
1547
1548
1549
1551
1552
1557
1563
1564
1565
1566
1567
1570
1573
1575
1576
1577
1579
1580
1581
1583
1586
1587
1590
1592
1595
1596
1597
1598
1599
1600
1601
1605
209
257
300
367
620
638
810
829
853
1039
1063
1340
1393
780
896
1405
1435
1451
1480
291
655
713
814
865
1219
1225
1494
1540
1555
1560
1568
1608
1609
1610
1611
1612
1613
1617
1622
1628
694
795
1082
1134
1160
1263
1372
1429
1625
1629
1633
1634
1636
1637
1640
1643
1645
1646
1647
1648
1651
1652
1653
1654
1655
1656
1657
1658
1660
1662
181
310
1037
1141
1260
1457
1541
1589
1664
1665
1666
1667
1668
1669
1670
1671
1672
1674
1676
1679
1680
1681
1682
1683
1685
1686
1687
1688
1690
1691
1693
1694
1695
1697
1701
1703
1704
1706
1708
1709
1711
1713
1715
1716
1717
1718
1720
1721
1723
1724
1727
1728
1729
1732
1733
1736
1739
1740
1743
1744
1745
1746
1747
1748
1751
1752
1759
1761
1767
1769
1771
1772
1773
1777
1782
1784
1785
1786
1787
1789
1795
1796
1800
1801
1805
1808
1811
1812
1814
1817
1818
1819
1822
1824
1825
1826
1827
1831
1833
1834
1836
1838
1841
1843
1844
1845
1847
45
115
27
45
1
137
74
42
31
14
41
4
17
63
44
101
76
0
29
72
84
131
18
100
108
86
142
157
158
85
21
2
66
169
58
3
30
119
7
61
145
16
32
141
60
82
