1272
232
928
939
1076
1222
1316
1493
2648
2907
3019
3068
3512
3854
5616
5845
5978
6040
6665
6812
6870
7455
7553
7815
7938
8084
38
70
71
406
431
533
595
748
829
883
935
1245
1346
1398
1474
1502
1538
1612
1730
1780
1896
1930
2042
2061
91
227
967
1203
1313
1321
1778
2007
2114
2210
2273
2345
2446
2470
2502
2529
2635
2822
2869
2941
3187
3360
3369
3470
3494
3537
3578
3592
3699
3741
3755
3792
10
74
169
233
476
532
596
53
171
254
258
459
465
492
664
669
672
713
720
724
948
1030
1081
1135
1155
1168
1206
1213
1221
1232
1258
1373
1518
1661
1710
1716
1734
1738
1824
1849
1918
1937
1967
1995
1999
2091
2104
2192
2260
2360
2388
2450
2489
2549
2604
90
130
167
196
204
434
443
778
844
912
936
999
1010
1070
1273
1510
1511
1632
1689
1771
1782
1848
1854
1875
1969
2028
2048
2092
63
72
102
125
131
9
94
110
153
206
210
228
269
280
329
333
342
360
365
383
470
485
517
550
584
589
31
43
14
75
85
128
203
248
322
41
48
98
192
268
355
394
452
479
503
571
592
608
118
163
225
315
354
384
487
488
540
615
617
623
243
368
420
430
498
625
635
660
665
676
686
688
692
698
719
728
730
749
752
755
786
794
803
811
817
100
111
191
240
97
174
194
277
281
321
376
55
239
369
397
484
502
508
575
647
677
683
726
740
835
843
850
864
874
878
882
891
895
896
916
934
947
951
56
96
158
176
200
222
263
338
454
468
500
5
49
298
407
471
3
138
166
504
528
543
551
645
661
682
744
776
779
781
876
937
959
962
458
507
510
602
619
783
40
511
519
577
613
900
963
970
978
319
352
370
436
705
757
847
861
904
922
979
988
990
995
996
1019
1033
22
25
66
185
199
261
411
422
655
741
775
809
837
897
942
955
1009
1035
1039
1045
1046
1047
1048
1051
1059
1063
1067
1073
88
393
885
1088
1091
1097
1098
1103
1106
1112
1115
1119
1120
1125
1132
1137
1149
1152
1164
1170
1186
1192
1193
1194
1196
1205
1207
1211
1225
1227
1229
1234
1249
1251
299
546
777
830
1172
1252
1267
1269
1275
1286
1293
1295
76
115
162
186
334
423
825
857
998
1302
1306
1307
1308
1309
1318
1324
1325
1326
1332
1334
1335
1352
1375
1385
1391
1393
1399
1403
1407
1426
1433
1436
1437
1445
1447
1452
1458
1460
1461
289
424
478
587
598
535
795
824
836
2
305
983
1003
273
314
516
943
1090
1092
1138
1226
1228
1354
1361
1450
69
151
212
223
332
473
693
806
816
1197
1466
1467
1469
1476
1478
544
818
865
950
1130
1159
1344
1444
1479
1480
1488
1508
1513
1516
1525
1531
1541
1548
1550
1551
1553
1555
1556
1561
1563
1564
1569
1575
1578
1580
1586
1588
1592
1594
1596
1598
1607
1609
1610
1622
1627
1628
1638
1640
1644
1652
1657
1658
1665
1671
1675
1700
1701
1705
62
247
538
722
1280
1333
1418
1712
1714
1715
1717
1719
1722
1723
1735
1737
1739
1742
1745
1748
1752
1753
1754
1756
1761
1774
1781
234
395
569
1086
1162
1243
1379
1509
1785
1786
1788
1792
1794
154
335
463
1043
1428
1764
1799
1803
1810
1814
1818
1823
1828
1829
1835
1842
1843
1851
501
610
745
880
1235
1279
1340
1468
1861
1866
1867
1871
1874
1879
1881
27
39
64
89
93
137
175
552
554
556
573
855
965
1022
1064
1114
1183
1276
1431
1574
1713
1884
1886
1891
1894
1902
1907
1911
1913
1915
1917
1920
1921
1925
1926
1927
1932
1935
1938
1940
1942
1947
1948
1951
1957
1959
1962
1963
67
135
267
336
525
568
651
714
1401
1537
1620
241
272
295
351
735
766
1285
1684
1805
226
426
518
718
985
1600
1821
1966
1968
1976
1977
1980
1990
1994
1996
1997
2006
2008
2010
2012
2013
2016
2019
2023
2030
2033
2036
2038
2045
2046
2049
2052
2067
2068
2070
2084
2089
2094
2103
2105
2106
2107
2108
2109
2110
46
230
252
282
339
427
462
122
149
21
68
157
208
215
216
293
337
482
534
580
616
628
643
691
723
738
812
819
905
207
346
685
828
881
418
548
822
826
906
920
340
925
15
181
201
380
391
414
439
448
496
574
639
941
969
1007
1026
1041
1095
117
309
673
756
792
1129
1141
1142
1144
1154
1174
1184
1202
1248
1281
1291
1320
1336
1343
1353
1377
1384
1395
1397
1405
1412
1441
1457
1470
59
58
244
509
566
618
649
697
940
1006
1311
1472
1492
1519
1520
1528
1532
1534
1549
1566
1000
1591
1593
1613
1614
1643
1646
178
1659
1666
1698
1721
1765
1769
1775
1783
1789
1791
1795
1809
1811
1830
1862
179
189
1465
1870
1901
1910
1914
1922
1924
0
1
4
6
7
8
11
12
13
16
17
18
19
20
23
24
26
28
29
30
32
33
34
35
36
37
42
44
45
47
50
52
54
57
60
61
65
73
77
78
79
80
81
82
83
84
86
87
92
95
99
101
103
104
105
106
107
108
112
113
114
116
119
120
121
123
124
126
127
129
132
133
134
136
139
140
141
142
143
144
145
146
147
148
150
152
155
156
159
160
161
164
165
168
170
172
173
177
180
182
183
184
187
188
190
193
195
197
198
202
205
209
211
213
214
217
218
219
220
221
224
229
231
235
236
237
238
242
245
246
249
250
251
253
255
256
257
259
260
262
264
265
266
270
271
274
275
276
278
279
283
284
285
286
287
288
290
291
292
294
296
297
300
301
302
303
304
306
307
308
310
311
312
313
316
317
318
320
323
324
325
326
327
328
330
331
341
343
344
345
347
348
349
350
353
356
357
359
362
363
364
366
367
371
372
373
374
375
377
378
379
381
382
385
386
387
388
389
390
392
396
398
399
400
401
402
403
404
405
408
409
410
412
413
415
416
417
419
421
425
428
429
432
433
435
437
438
440
441
442
444
445
446
447
449
450
451
453
455
456
457
460
461
464
466
467
469
472
474
475
477
480
481
483
486
489
490
491
493
494
495
497
499
505
506
512
513
514
515
520
521
522
523
524
526
527
529
530
531
536
537
539
541
542
545
547
549
553
555
557
558
559
560
561
562
563
564
565
567
570
572
576
578
579
581
582
583
585
586
588
590
591
593
594
597
599
600
601
603
604
605
606
607
609
611
612
614
620
621
622
624
626
627
629
630
631
632
633
634
636
637
638
640
641
642
644
646
648
650
652
653
654
656
657
658
659
662
663
666
667
668
670
671
674
675
678
230
217
9
128
269
96
77
101
56
131
316
0
343
375
26
173
278
223
335
2
130
61
112
149
177
12
197
320
11
44
298
25
31
174
257
34
39
40
195
265
192
277
373
36
132
161
326
156
258
108
244
276
336
382
33
110
227
396
52
64
87
224
345
47
121
184
322
329
28
60
66
79
117
171
175
229
271
292
19
20
83
94
115
127
133
152
160
213
252
301
318
349
374
380
383
398
1
14
30
70
103
125
172
179
196
198
201
215
221
239
255
256
273
290
314
325
334
351
388
400
10
21
29
38
46
55
62
76
78
84
88
89
93
104
120
123
141
144
151
176
180
188
189
203
205
219
226
247
268
286
287
299
303
306
319
321
342
344
348
353
355
366
381
394
3
4
5
8
18
35
59
65
67
69
81
85
86
90
91
105
109
122
124
134
138
139
145
148
153
157
167
170
178
186
187
191
199
202
216
218
220
222
234
241
242
249
253
254
262
272
274
275
281
295
296
312
317
330
338
340
341
346
361
362
363
372
390
401
402
404
411
