414
100
129
269
472
484
705
953
1232
1339
2162
2212
2274
2503
2673
2691
3052
3140
3220
3278
3461
3468
3754
3946
4334
4411
4533
4964
5383
5592
5681
5731
6746
7147
7157
7220
7296
7307
8112
8212
8221
8531
9083
9679
2
7
11
12
16
25
29
30
32
33
36
38
47
54
57
59
66
70
75
81
87
88
90
92
93
97
98
101
104
108
110
112
118
120
125
126
155
162
165
166
167
168
171
177
180
184
185
186
198
203
210
214
215
9
62
80
91
105
163
216
51
60
71
74
172
192
202
223
228
230
236
237
240
242
246
252
253
259
260
267
278
279
282
283
287
291
297
298
300
303
305
306
314
320
323
335
338
352
354
358
359
374
376
377
380
384
68
119
147
176
310
387
389
392
393
396
407
412
417
420
429
430
433
435
437
438
440
442
444
10
55
285
292
360
402
445
447
449
450
451
455
457
462
463
465
466
467
469
476
477
478
480
490
492
499
501
502
504
506
513
515
516
524
527
532
17
183
199
276
353
483
496
537
539
540
541
545
546
550
554
555
559
124
153
288
322
334
443
560
561
562
565
566
569
570
571
573
580
581
585
586
588
590
592
593
594
599
600
603
95
44
189
208
222
249
299
348
415
459
503
508
591
605
609
610
611
612
613
614
616
622
623
624
625
627
628
630
635
637
643
645
654
655
656
657
658
660
661
662
664
665
666
668
671
673
675
128
42
142
127
140
182
206
245
265
272
293
312
356
375
390
403
411
422
434
441
486
487
531
548
552
563
595
602
607
636
644
651
652
653
663
677
682
689
696
697
698
700
702
703
707
708
709
710
716
722
723
726
727
729
730
731
732
737
738
740
741
742
744
745
747
750
753
759
761
763
768
770
771
772
774
775
779
781
782
783
786
788
791
792
795
797
800
801
802
805
806
808
809
810
816
818
822
823
828
830
840
841
842
844
848
849
852
853
856
857
858
859
861
862
866
22
30
144
17
33
119
171
0
164
42
31
46
149
16
91
2
58
15
8
3
73
134
77
