201
254
283
546
717
759
864
1148
1273
2015
2038
73
77
90
118
131
152
158
161
210
213
218
246
262
272
286
322
361
398
449
450
464
483
484
515
521
525
539
568
575
577
624
677
702
707
708
710
751
771
772
816
823
825
840
849
892
926
927
957
988
1007
127
277
306
494
498
540
554
556
574
664
754
1103
1113
1114
1136
1154
1162
1175
1180
1190
1207
1210
1239
1294
1299
1315
1316
1318
1322
1370
1376
1377
1393
1394
1404
1455
1463
1469
1484
1499
1503
1511
70
84
143
513
522
639
649
777
829
870
879
881
1174
1313
1375
1406
1482
1500
1523
1547
1556
1559
1564
1580
1607
1611
1626
1631
1675
1698
97
217
275
907
914
941
1018
1098
1105
284
341
416
731
1126
1258
1279
1289
1301
1328
1333
1432
1464
1606
1666
1700
1713
1715
1720
1728
1754
1756
1761
1784
1788
1792
1834
1859
1866
1871
1880
1884
1886
1899
1931
2004
2007
2042
2045
2065
2075
2090
2094
2096
2110
2130
2136
2153
2178
2189
2195
2197
2210
2218
2220
2224
2226
2246
2247
2252
7
12
24
107
77
2
66
33
