327
1986
159
165
204
217
253
261
270
296
329
346
338
362
426
474
478
515
536
554
675
698
700
729
742
779
39
44
122
213
283
429
20
38
98
132
421
441
514
592
136
146
151
37
198
249
264
304
55
80
1
76
135
168
234
245
275
317
333
356
364
406
428
574
104
152
23
27
139
156
157
177
231
94
164
266
269
300
310
335
347
365
375
411
461
481
488
503
545
573
575
576
618
620
638
642
669
683
694
695
710
711
712
717
724
730
741
743
757
251
462
740
758
763
780
782
382
413
502
531
539
144
239
386
387
664
753
787
799
805
811
822
824
826
849
861
862
866
13
25
134
205
230
443
551
602
689
747
870
876
883
895
896
902
903
909
918
921
951
959
961
975
976
980
987
992
993
1006
1015
1020
1022
1028
1032
1043
1065
1067
1076
1082
1083
99
244
354
276
349
366
357
45
241
377
381
399
450
451
459
471
535
550
562
319
376
579
584
621
691
754
831
843
82
86
494
678
888
57
60
73
74
116
16
108
130
169
170
183
14
176
207
210
233
250
259
320
378
418
430
489
498
71
265
512
538
627
632
637
650
687
778
785
793
804
848
858
863
893
924
960
199
524
595
601
820
845
854
991
994
1012
1050
1061
1062
1084
1085
1086
1089
1090
1094
1095
1100
1102
1103
1104
1113
1114
1115
1117
1124
1125
1129
1131
1132
1135
1138
1146
1148
1155
1163
1164
1165
1166
1167
1168
1174
1178
1189
1195
1196
1205
1206
1216
1219
1223
1225
1227
644
646
762
52
84
166
299
385
440
713
750
833
867
889
1153
1173
1193
31
83
166
1
24
177
106
268
364
75
69
171
191
32
38
270
33
50
53
240
26
129
331
309
96
173
132
11
0
42
68
297
