134
863
354
548
236
380
852
1043
260
430
575
689
972
1040
1102
243
215
1369
1078
1267
1364
24
893
1474
910
192
218
586
612
59
1203
270
105
1254
1273
1371
1411
1531
1555
132
1512
1566
12
725
17
157
779
1131
1398
454
983
65
1142
321
440
234
564
588
754
978
984
1101
1191
703
668
686
808
915
1275
1324
1327
1375
394
447
518
707
864
437
848
512
602
770
2
277
91
117
228
427
1338
1350
297
621
326
579
962
355
431
170
73
140
161
315
348
369
503
539
676
687
797
121
608
812
820
879
890
897
900
906
1261
1396
158
542
632
284
1349
1507
18
134
1380
149
203
259
341
982
486
53
374
0
190
4
138
27
36
173
176
300
45
148
311
19
224
288
212
253
79
47
95
187
192
204
257
334
207
254
1
49
129
218
268
281
153
327
369
35
252
322
26
38
52
142
149
164
200
331
2
17
41
81
83
