1006
2225
1
86
119
148
177
188
192
223
266
278
312
330
360
385
392
396
416
450
487
609
623
640
650
11
34
88
99
157
234
298
311
316
321
332
339
362
390
403
221
242
247
249
271
290
299
303
315
378
438
440
458
97
270
353
433
501
522
531
546
573
575
576
595
603
627
629
641
644
649
651
669
680
682
683
692
707
724
725
752
756
766
769
770
779
781
797
19
46
49
55
58
29
32
39
40
52
62
80
102
139
152
179
182
190
225
226
231
241
245
288
297
308
319
325
334
363
383
384
402
408
431
443
445
460
471
472
480
481
510
528
550
551
556
585
607
625
633
639
660
661
672
748
750
754
762
9
22
79
96
98
105
117
159
198
232
275
295
337
387
404
423
466
488
6
42
147
215
277
106
118
285
504
505
114
262
268
276
338
398
456
513
518
526
527
544
549
578
612
622
657
703
709
722
728
733
765
776
777
778
782
784
788
789
790
809
813
816
817
826
830
30
123
206
251
318
333
366
14
33
329
379
381
391
65
95
120
150
170
246
263
296
394
405
428
441
517
523
524
561
606
619
666
667
673
693
696
698
699
704
719
720
757
793
798
823
833
849
852
854
855
860
77
103
164
229
368
581
775
869
875
882
892
893
894
91
158
258
364
413
415
425
429
459
125
151
331
399
457
539
579
586
624
663
202
203
56
75
90
204
235
348
434
453
535
591
732
739
747
773
796
812
834
840
895
897
899
900
903
911
915
917
918
920
922
923
927
932
934
939
941
942
944
708
763
946
947
950
952
954
955
960
961
963
964
966
968
969
971
972
976
977
978
979
987
990
995
996
999
1003
1006
1007
1008
1009
1010
1013
1014
1019
1020
1021
1022
1027
1028
1032
1034
1045
1046
1048
1050
1051
1054
1055
1056
1057
1058
1060
1066
1069
1070
1071
1079
1081
1085
1086
1089
1092
1094
1097
1103
1104
1106
1108
1109
1117
1119
1124
1125
1126
1129
1130
1131
1132
1133
1135
1136
1137
1144
1146
1150
1151
1153
1155
1157
1159
1162
1163
1164
1169
1170
1171
1173
44
73
372
593
851
1059
1177
1182
1185
1190
1191
1199
1200
1201
1203
1204
1207
1208
1210
2
17
69
145
219
320
721
938
986
1072
1216
1221
1222
1223
1227
1230
1232
1234
1236
1237
1238
1240
1241
1242
1245
1250
1251
1253
1256
1259
1260
1268
1270
1272
1277
1278
1279
1280
1281
1283
1284
1286
1288
1290
1298
1299
1301
1302
1303
1304
1306
1307
1312
1313
1314
1317
1319
1322
1329
1333
841
982
1334
1335
1336
1337
1341
1344
1347
1349
1350
1352
1354
1356
1358
1359
1360
1364
1368
1371
1376
1378
1381
1384
1385
1387
1388
1391
1394
1398
1400
1406
1409
1414
1418
1419
1420
1422
1423
1425
1427
1431
1432
1433
1437
1438
1443
1444
1447
1450
1452
1454
1462
1463
1464
1465
1467
1468
1469
1472
1473
1475
1477
1478
1488
1491
1493
1495
1497
1498
1501
1502
1504
1508
1512
1514
1519
1523
1524
1525
1539
1542
1544
1545
1546
1547
1549
1551
1552
1557
12
41
61
122
132
142
15
25
94
112
138
165
169
193
224
256
281
284
341
342
354
374
377
395
560
568
614
712
753
792
802
803
161
386
807
815
818
837
858
880
881
885
933
965
973
992
1001
1012
1064
1073
180
373
491
913
1078
1107
1120
1147
1181
1212
1300
1342
1392
1424
1426
1429
1434
1440
1459
1479
1526
60
160
168
208
238
1002
1224
1254
1294
1395
1412
1494
1534
1563
1564
1566
1570
1573
1576
1577
1579
1580
1581
1583
1586
1587
1590
1592
1594
1595
1596
1598
1599
1600
1601
1605
104
201
209
257
300
367
620
638
671
113
154
454
462
552
810
824
825
829
853
863
872
891
907
931
935
962
1039
1063
1065
347
473
521
643
876
1105
1166
1186
1187
1198
1209
1229
126
174
199
264
346
485
571
582
594
714
794
808
836
889
1038
1264
1297
1340
1346
1348
1365
1366
1379
1390
1393
317
780
896
1397
1405
1428
1435
1439
1442
1451
1474
1480
291
655
713
814
865
1219
1225
1503
1515
1527
59
310
583
764
861
874
949
1100
1411
1466
1530
1531
1536
1540
1555
1560
1565
1568
1608
1609
1610
1611
1612
1617
1625
1628
236
694
795
951
981
1082
1134
1160
1263
1372
1629
1632
1633
1634
1636
1637
1640
1643
1645
1646
1647
1648
1651
1652
1653
1654
1655
1658
1660
1664
1667
1668
1669
1671
1672
1674
31
265
309
479
486
588
605
645
771
904
989
993
1017
1102
1195
1355
1511
1613
1676
1679
1680
1681
1683
1685
1686
1687
1688
1690
1691
1693
1694
1695
1697
1701
1703
1704
1706
1708
1709
1711
1714
1715
1717
1718
1720
1721
1723
1724
1726
1728
1729
115
137
283
314
361
417
534
553
601
646
72
731
862
886
1025
1031
1127
1274
1321
1375
1399
1489
1532
1558
1559
1624
1639
1732
1733
1735
1736
1739
1740
1743
1744
1745
1746
1747
1749
1751
1757
1759
1761
1768
1769
1772
1773
1777
1782
1784
1785
1786
1787
1789
1795
1800
1801
1802
1805
1808
1811
1817
1818
1819
1824
1825
1826
1827
1831
1833
1834
1836
1838
1841
1843
1844
1845
1847
1850
1853
1854
1855
1856
1858
1859
1860
1861
1862
1863
1864
1865
1866
1870
1874
1875
1877
1881
1882
43
115
27
45
1
137
74
42
31
4
41
44
101
17
0
6
29
15
33
72
16
43
158
77
84
85
21
86
48
142
18
66
100
119
157
58
61
32
7
73
60
93
8
82
