335
2594
2
30
33
36
57
88
100
120
125
129
16
29
32
47
59
70
87
92
93
112
167
168
177
184
210
223
237
252
253
259
260
267
269
297
335
338
359
374
384
9
68
81
119
147
171
176
215
240
282
310
387
389
392
417
7
25
60
124
153
165
166
185
288
322
323
334
353
412
433
435
438
443
449
466
467
472
477
42
101
162
242
245
265
279
283
303
358
478
480
484
492
499
502
506
527
531
537
539
541
548
0
75
97
98
180
206
209
239
278
299
306
318
354
377
403
442
475
545
550
551
554
555
559
561
562
563
565
570
571
573
584
588
590
592
594
595
599
600
605
607
610
612
613
614
616
622
623
625
628
635
643
645
654
655
656
658
660
662
664
666
668
673
675
689
698
703
705
723
729
730
737
738
741
744
745
747
750
761
763
768
782
786
104
108
246
291
305
462
469
504
515
566
580
593
624
671
742
788
792
795
796
802
806
808
809
816
830
848
849
857
861
862
872
874
875
877
888
897
898
901
907
64
208
276
380
437
536
596
650
695
710
879
913
917
918
933
934
12
38
110
198
216
51
71
74
172
192
202
228
287
314
376
393
430
440
447
455
463
540
585
603
95
189
249
407
459
503
609
697
700
702
708
722
726
727
740
801
822
856
924
927
928
936
937
940
943
946
54
66
90
118
126
11
163
203
236
300
352
444
445
450
451
457
465
479
508
513
516
530
652
657
684
690
96
381
419
454
490
495
521
694
732
767
779
781
783
791
817
818
838
859
864
867
886
15
17
63
30
79
0
42
149
8
75
31
33
164
35
15
2
