245
47
121
175
330
337
341
342
501
554
613
633
693
714
779
986
997
1017
1036
1039
1200
1253
1309
1596
1668
1733
1743
1811
1903
1963
1977
1990
2079
2120
2194
2271
2276
2349
2361
2365
2369
2372
2392
2436
2445
2447
2461
2485
2541
459
1468
14
474
557
469
602
0
1
2
3
4
5
6
7
8
9
10
11
12
13
15
16
17
18
19
20
21
22
23
24
25
26
27
28
29
30
31
32
33
34
35
36
37
38
39
40
41
42
43
44
45
46
48
49
50
51
52
53
54
55
56
57
58
59
60
61
62
64
65
66
67
68
69
70
71
72
73
74
75
76
77
78
79
80
81
82
83
84
85
86
87
88
89
90
91
92
93
94
95
96
97
98
99
100
101
102
103
104
105
106
107
108
109
110
111
112
113
114
115
116
118
119
120
122
123
124
125
126
127
128
129
130
131
132
133
134
135
136
137
138
139
140
141
142
143
144
145
146
147
148
149
150
151
152
153
154
155
156
157
158
159
160
161
162
163
164
165
166
167
168
169
170
171
172
173
174
176
177
178
179
180
181
182
183
184
185
186
187
188
189
190
191
192
193
194
195
105
23
32
5
7
81
78
146
56
116
147
110
112
2
122
99
134
133
16
39
96
69
10
28
73
46
57
107
153
117
120
108
31
40
71
60
82
131
20
41
91
148
151
157
34
42
44
48
52
124
0
45
53
72
121
6
43
54
65
83
84
89
90
92
94
3
27
30
58
61
77
123
125
142
143
155
156
1
18
22
26
29
111
113
126
145
4
8
9
14
15
19
21
47
67
68
86
95
97
109
118
119
135
140
149
152
