96
44
181
190
225
298
353
371
377
429
441
500
515
618
620
725
749
824
928
962
1062
1063
1088
1102
1164
1328
1334
1385
1617
1627
1638
1651
1665
1677
1706
1741
1743
1761
1832
1872
2039
2165
2328
2361
2488
2507
2589
1468
459
509
14
557
687
1900
602
1999
2243
2009
1520
1540
470
844
1684
1873
573
1903
1920
109
487
1410
1424
2008
2478
161
2274
1493
164
252
832
474
1745
603
872
874
1051
1187
1508
1793
2196
32
290
1802
2193
434
456
645
2256
57
84
146
46
99
122
56
32
134
96
157
5
47
81
110
51
123
23
28
7
112
82
20
57
72
132
154
131
16
21
60
94
43
73
78
106
26
42
147
148
10
19
151
95
133
155
6
9
14
27
39
70
80
97
109
111
124
149
