124
842
132
134
1020
1189
1438
1487
1013
31
606
2
776
852
1402
668
277
215
283
1001
1267
1296
1480
91
236
1469
366
989
1043
260
218
689
1035
1040
1474
1079
504
512
612
910
289
729
938
952
1009
1203
270
437
67
321
652
770
703
32
94
117
180
221
297
402
718
1338
79
254
320
431
621
893
645
105
542
875
193
620
666
676
1155
712
719
725
1398
1310
17
195
983
50
579
941
832
57
65
848
1078
1566
1142
123
157
170
216
834
990
1204
569
766
1134
1380
1392
1470
12
93
582
138
140
234
248
844
250
622
1168
290
315
864
1375
1322
1420
58
374
377
36
19
77
4
140
45
339
187
125
309
148
138
16
27
190
212
300
126
156
322
357
5
63
88
100
334
0
1
106
369
86
182
207
25
35
47
49
72
98
102
192
199
331
344
354
39
132
149
155
252
297
18
83
92
144
364
