160
41
346
952
954
984
449
846
886
913
1023
0
3
22
43
84
116
126
175
187
194
216
224
245
276
277
302
304
307
337
377
433
434
444
453
461
492
494
497
508
525
534
540
551
558
564
570
590
593
7
26
35
82
97
103
106
107
170
172
179
180
205
217
300
301
322
340
366
6
31
86
94
125
137
138
150
162
167
199
262
274
319
331
384
392
416
448
460
462
474
12
13
14
16
28
34
61
69
71
87
92
135
144
145
159
189
190
191
221
226
228
233
258
266
275
315
325
329
348
350
372
374
375
387
409
410
419
425
427
446
457
481
482
486
499
511
518
519
532
539
544
545
549
553
559
566
567
571
574
575
582
584
585
589
591
601
602
607
611
612
617
5
1
2
6
14
31
