130
2110
0
50
54
134
162
172
180
202
213
220
227
230
20
60
64
68
73
87
96
131
138
150
77
161
163
169
21
178
12
14
24
34
81
107
108
132
141
144
173
8
22
25
36
45
53
57
74
79
86
88
100
112
136
139
142
154
15
155
166
170
179
191
16
28
13
31
42
75
85
98
126
151
181
190
195
199
200
201
206
208
214
215
218
221
225
226
229
232
233
234
238
240
243
245
246
248
250
251
252
11
37
58
92
147
152
157
231
253
257
258
261
263
18
30
32
104
117
184
185
264
265
268
269
271
273
274
279
282
286
15
37
40
60
70
6
20
7
38
28
51
9
118
49
0
124
