110
560
245
170
2019
255
407
500
624
107
882
1363
1940
645
948
1269
1986
563
623
463
1243
1484
465
751
758
222
332
390
859
953
291
510
706
1095
1129
1201
1397
1791
131
293
615
868
150
348
115
452
619
689
2136
1600
45
1689
861
1393
259
837
1026
156
966
1430
458
732
1535
1861
2045
1457
1730
1481
2011
111
537
1139
1158
1228
585
476
1836
899
152
185
127
637
1530
1687
514
1618
252
711
1043
1766
1948
374
480
535
738
1581
497
429
1543
768
1110
1653
974
1196
1684
1711
1715
2090
110
157
254
83
84
47
99
20
19
26
114
77
83
131
7
96
119
157
138
15
43
123
87
32
59
72
5
62
118
60
107
147
120
41
40
66
81
95
1
74
111
133
163
6
17
18
73
126
3
27
54
79
29
67
80
109
125
8
136
4
14
28
46
55
64
69
94
154
164
2
16
33
34
44
110
132
145
151
160
31
42
45
78
93
128
135
158
