1047
192
29
32
39
40
52
55
179
182
226
231
241
242
288
308
319
383
384
392
402
408
443
445
481
550
551
556
585
595
607
633
639
660
34
58
62
80
102
152
297
298
303
325
363
431
438
440
460
471
472
528
575
603
672
682
692
748
750
762
1
9
22
79
96
98
105
117
159
177
188
198
232
275
290
295
337
387
396
404
423
450
86
119
148
223
266
278
312
330
360
385
416
466
487
488
6
42
147
215
277
106
118
285
311
504
505
97
114
262
268
276
321
338
398
456
513
518
526
527
544
549
576
578
609
612
622
623
640
644
650
657
703
709
722
724
728
733
752
756
765
766
776
777
41
44
99
163
170
200
264
286
390
11
88
157
234
316
332
339
362
403
221
247
249
271
299
315
378
455
458
270
353
433
501
522
531
536
540
546
561
567
568
573
625
627
629
641
649
651
661
669
680
683
697
707
714
25
220
224
317
374
521
583
725
769
770
779
781
782
784
788
789
790
797
19
46
49
139
190
225
245
334
480
510
754
778
798
809
813
816
817
824
826
830
30
123
206
251
318
333
366
14
33
329
379
381
391
65
47
75
95
235
244
246
248
258
265
394
405
428
441
453
500
517
538
604
619
643
663
666
667
673
693
696
698
699
704
720
757
793
833
849
852
854
855
860
77
103
164
229
368
581
775
862
869
874
875
882
884
891
892
894
91
120
158
364
413
415
425
429
459
125
151
331
399
457
539
579
586
624
732
739
747
812
840
893
897
899
900
903
911
913
915
917
918
920
922
923
927
932
934
939
942
944
708
763
946
947
950
952
954
955
960
961
963
964
966
968
969
971
972
973
976
977
978
987
990
995
996
999
1003
1006
1007
1008
1009
1010
1013
1019
1020
1021
1022
1024
1027
1028
1032
1034
1045
1046
1048
1050
1051
1054
1055
1056
1057
1058
1060
1066
1069
1070
1071
1075
1079
1081
1085
1086
1089
1092
1103
1104
1106
1108
1109
1117
1119
1124
1125
1126
1129
1131
1132
1133
1135
1136
1137
1141
1144
1146
1150
1151
1153
1155
1157
1159
1162
1163
1164
1166
1169
1170
1171
1173
73
372
593
851
1014
1059
1177
1182
1185
1186
1190
1191
1198
1199
1200
1201
1203
1204
1207
1208
1210
2
17
69
145
202
219
320
721
938
986
1072
1211
1212
1213
1216
1221
1222
1223
1227
1230
1232
1234
1236
1238
1240
1241
1242
1245
1250
1251
1252
1253
1256
1259
1260
1268
1270
1272
1277
1278
1280
1281
1283
1284
1286
1289
1290
1297
1298
1299
1301
1302
1303
1304
1306
1307
1310
1312
1313
1314
1317
1319
1322
1329
1333
841
982
1334
1335
1336
1337
1341
1344
1349
1350
1351
1352
1354
1355
1356
1358
1359
1360
1364
1365
1368
1371
1376
1378
1381
1384
1385
1387
1388
1391
1392
1394
1397
1398
1400
1402
1406
1414
1418
1419
1420
1422
1423
1425
1427
1428
1431
1432
1433
1437
1438
1443
1444
1447
1450
1452
1454
1462
1463
1464
1465
1467
1468
1469
1472
1473
1474
1475
1477
1478
1487
1488
1491
1493
1495
1498
1502
1504
1508
1512
1514
1519
1523
1524
1525
1527
59
113
150
154
310
454
462
552
591
671
764
825
861
872
881
907
935
949
962
1100
1187
1229
126
174
199
346
485
571
582
594
794
808
836
889
1038
1264
1288
1346
1366
1379
1409
1411
1439
1442
1466
1515
1530
1531
1536
1539
1542
1544
1545
1546
1547
1549
1551
1552
1557
12
61
122
132
142
15
94
112
138
165
169
193
256
281
284
341
342
354
377
395
560
614
712
753
792
802
803
161
386
807
815
818
823
837
858
880
885
933
965
992
1001
1012
1064
1073
180
373
491
1078
1107
1120
1147
1181
1237
1300
1342
1424
1426
1429
1434
1440
1459
1479
1526
60
160
168
208
238
1002
1224
1254
1294
1395
1412
1494
1534
1563
1564
1565
1566
1567
1570
1573
1576
1577
1579
1580
1581
1583
1586
1587
1589
1590
1592
1594
1595
1596
1597
1598
1599
1600
1601
1605
104
201
209
257
300
367
606
620
638
810
829
853
863
931
1039
1063
1065
1340
1390
1393
780
896
1405
1435
1451
1480
291
655
713
814
865
876
1219
1225
1503
1540
1555
1560
1568
1608
1609
1610
1611
1612
1617
1620
1622
1625
1628
236
694
795
951
981
1082
1134
1160
1263
1372
1629
1632
1633
1634
1636
1637
1640
1643
1645
1647
1648
1651
1652
1653
1654
1655
263
296
347
473
719
1094
1105
1209
1348
1646
1658
1660
1664
1668
1669
1670
1671
1672
1674
31
309
479
486
588
605
645
771
904
989
993
1017
1097
1102
1195
1511
1613
1676
1679
1680
1681
1682
1683
1685
1687
1688
1690
1691
1693
1694
1695
1697
1701
1703
1704
1706
1708
1709
1711
1714
1715
1717
1718
1720
1721
1723
1724
1726
1727
1728
1729
1732
1733
1736
1739
1740
1743
1744
1745
1746
1747
1749
1751
1757
1759
1761
1768
1769
1772
1773
1777
1782
1783
1784
1785
1786
1787
1789
1790
1800
1801
1802
1805
1808
1811
1812
1814
1815
1817
1818
1819
1822
1824
1825
1826
1827
1831
1833
1834
1836
1838
1841
1843
1844
1845
1847
1850
1853
1854
1855
1856
1858
1860
1861
1862
1864
1865
1870
1874
1875
1877
1881
1882
1884
72
74
369
1084
1532
1840
1886
1887
1889
57
499
665
937
998
1023
1206
1485
1591
1890
1891
1892
1895
1897
1900
1901
1903
1904
1906
1907
1909
1911
1912
1915
1916
1921
1924
1925
1926
1927
1929
1930
1932
1934
1938
1939
1940
1941
1944
1945
1946
1947
1950
1951
43
115
27
45
1
137
74
17
31
101
41
4
44
14
169
0
6
72
29
142
33
77
158
21
85
16
43
79
48
86
100
18
58
19
119
157
61
66
88
7
32
60
82
107
