1610
95
649
671
835
878
973
1258
1403
1421
1474
1856
1887
2328
2387
2888
3502
3755
3819
3941
5608
5920
5926
6140
6645
6692
7002
8313
8445
8669
9177
9342
9378
9404
9616
9630
9880
9887
10140
10441
10752
10996
11099
11151
11284
11389
11529
11680
58
209
313
109
177
2
88
93
339
350
408
450
524
657
684
747
788
792
811
890
978
1027
1064
1098
1124
1161
1204
1341
1381
1449
1543
1595
479
521
518
590
597
780
961
1061
1080
1271
1275
1348
1710
1733
1820
1896
1902
1961
1975
328
515
1012
2003
2007
2010
2021
2092
2137
2153
244
274
495
646
719
741
853
899
965
970
1117
1321
1769
1916
1936
123
378
486
533
609
674
689
958
964
1020
1114
30
111
145
163
414
415
441
502
507
566
920
1203
1376
1508
1510
1513
1584
1600
1626
1649
1701
1750
1764
77
127
131
139
60
61
106
157
210
232
266
284
333
419
422
430
442
89
457
481
497
512
537
539
573
575
1
75
251
257
310
321
542
579
580
588
610
616
624
656
672
680
694
698
752
762
766
782
787
791
793
806
818
221
409
713
822
846
854
856
859
866
897
904
912
931
34
53
196
249
335
385
651
687
692
22
129
186
119
141
199
213
6
290
407
416
417
452
529
556
576
641
678
697
727
774
798
804
813
881
908
913
934
938
952
957
962
968
972
985
1028
1039
1044
1049
1065
1073
1090
1091
1092
1100
1106
1109
1110
1118
1137
1158
1160
1169
1170
126
135
149
174
322
325
351
381
510
525
28
152
366
405
531
548
658
663
676
677
704
708
725
758
832
841
842
926
941
954
955
983
1021
1129
1185
1186
1200
1201
1236
1239
1241
173
14
11
17
100
187
252
294
307
309
332
340
379
382
406
429
451
480
499
679
701
706
720
800
831
834
903
907
923
942
1007
1059
1067
1087
1126
130
287
267
114
439
443
489
520
69
90
281
516
550
377
471
503
560
587
25
27
31
136
206
269
233
324
331
343
246
352
384
398
424
462
473
540
81
154
48
102
117
241
330
334
383
387
410
428
434
562
578
593
401
411
594
598
602
605
10
158
237
238
329
341
425
468
193
346
563
633
635
661
668
669
690
764
778
779
810
855
862
864
872
876
888
901
15
772
56
228
423
686
733
879
905
911
915
936
947
951
974
975
984
989
991
1018
1022
1032
18
179
226
243
488
504
712
731
231
253
765
777
789
847
895
1045
1074
1075
1077
1082
7
1096
1107
1113
1116
1003
1143
1148
1151
1153
1155
1163
1167
1179
1189
1193
1197
1198
1199
1211
1227
1234
1238
1243
1244
1245
1248
1254
1257
1261
13
16
41
49
147
493
513
565
591
35
91
104
201
272
44
293
348
392
636
673
775
796
844
852
916
930
935
979
988
1000
1041
1141
1152
1181
1229
1272
1277
1278
1280
1288
1292
1294
1299
1303
1307
1309
1310
1311
1316
1324
1328
1334
1335
1338
1353
1358
1359
1361
1367
1368
1371
1373
1375
1377
1380
1384
1385
276
372
1023
1034
1036
1071
1386
1387
1388
1389
32
125
144
148
170
279
373
461
464
586
621
770
784
803
900
963
1048
1063
1297
182
1390
1391
1394
1396
1397
1402
39
43
66
171
474
607
631
786
812
884
886
929
969
1011
1056
1178
1315
1407
1409
1411
1412
1414
1424
1425
1430
143
191
222
337
508
584
721
805
1094
1103
1121
1147
12
353
358
421
790
848
101
323
568
815
939
1006
1149
1150
1174
1219
1225
1305
1346
1357
1362
1432
1436
78
320
418
239
357
437
702
874
1068
1139
1437
1440
1442
1443
1445
1448
1450
1453
1455
1456
1457
1460
291
729
745
814
230
315
150
440
470
553
735
891
1052
1162
1164
707
1195
1298
1306
1323
1370
1465
1468
1470
1472
1473
1478
1481
236
781
857
921
1154
1356
1483
1485
1487
1488
46
86
112
211
229
360
404
476
596
599
650
691
816
885
1085
1119
1330
1452
1489
1490
1496
212
256
653
683
714
1477
1497
1501
1502
1509
1515
70
79
94
463
467
569
750
1165
1517
1520
1529
1530
1533
52
263
783
795
1190
1459
1536
1541
1545
64
234
271
426
1156
1218
1476
1538
1546
1549
1550
1553
1554
1559
1572
1573
1574
1580
1589
1592
1593
140
526
73
153
297
738
944
949
1192
1228
1230
45
203
47
388
459
956
1083
1217
1242
1279
1344
1374
1379
202
541
682
820
1360
1418
1482
1594
1596
1598
1605
1606
1608
1609
1612
1614
1616
1617
1619
1620
1627
967
1613
1628
1629
1631
1633
1636
1637
1641
1644
1646
1648
1652
1654
1658
1659
1660
1661
1663
1665
1667
1668
1669
1670
29
302
469
611
734
849
902
1108
1135
1214
1672
1678
1681
1684
1689
1691
363
51
103
190
260
376
255
277
391
396
413
498
528
571
632
723
728
742
910
927
932
950
982
996
1005
1060
1122
1168
1240
1276
1364
1444
1562
1566
1575
1604
1640
1676
1677
1694
1698
1700
1702
1703
1705
1706
1707
1709
1711
1712
1713
755
1715
1716
1719
552
665
980
1237
1720
1721
1722
1723
1724
1726
1730
1734
1741
494
581
645
717
776
259
860
893
1099
1175
1351
1408
1475
1682
1685
1742
1743
1749
1752
1753
1754
1756
1759
1760
1761
1767
1773
1774
1775
1776
1777
1033
1291
1779
1782
1784
1786
1789
1795
1796
1797
1801
1802
1804
1805
1806
1807
1808
1811
1813
1815
1818
1819
1822
1826
367
431
1184
1296
1828
1830
1831
1832
1839
1845
1847
285
1480
1848
1849
1850
258
368
768
917
283
289
308
275
547
688
744
1568
1601
1623
1630
1687
1763
1846
1851
1853
1855
1861
1862
1865
1867
1870
1873
1877
1879
1880
1882
1883
1884
1885
1886
1888
1889
1890
1893
68
194
224
5
311
354
670
1095
1284
1495
1894
1898
1899
1900
1901
1904
1905
1906
1907
1911
1913
1914
1915
1918
1919
1921
1922
1923
1924
1926
1928
1931
1932
63
472
1934
1935
1938
1940
1942
1947
1950
1951
1955
681
759
1758
1956
1957
1963
1965
1966
1968
1970
1973
1974
1976
1977
1978
1979
1980
1981
1983
1985
1988
1989
1990
1991
1993
1994
1996
1998
1999
2000
2008
2012
2014
2015
2016
2018
2024
2025
2026
2027
2029
2034
2035
2036
2037
2038
2041
2043
2044
33
506
527
638
722
797
1233
1300
2047
2048
2049
2051
2054
2055
2056
2057
2059
2061
2063
2065
2066
2069
2071
2072
2073
2074
2075
118
250
693
1413
1518
564
1523
1531
1576
1673
1768
1858
2076
1686
2084
2085
2087
2088
2089
2090
2091
2095
2096
2097
2100
2103
2105
2106
2108
2110
2111
2117
2120
2122
2123
2127
2131
2133
2134
2135
254
433
1176
1194
2114
2136
2140
2142
2143
2145
2146
2151
2157
2158
2159
2160
2161
134
74
160
304
356
397
535
763
959
1004
1079
1086
1101
217
1180
1212
1247
1256
1290
1295
1302
1349
1393
1486
1499
1539
1618
1643
1739
1747
1780
1792
1817
1878
1920
1997
2001
2033
2080
2115
2128
2162
2163
2164
2165
2166
2167
2169
2170
2171
2173
2176
2177
2180
2181
2182
2183
2185
2186
2187
2188
2189
2190
2191
2192
2193
2196
2199
2200
2202
2203
2205
2206
2210
2211
2212
2214
2217
2218
2220
2221
2223
2227
2230
2231
2233
2236
2237
2240
2241
2243
2245
2247
181
420
570
1031
726
740
785
839
1269
1392
167
483
819
986
1264
1492
1635
1692
1704
1787
1833
2079
2093
2112
2178
2252
2255
2256
2260
2261
2262
2263
2264
2265
2266
2268
2269
2271
2272
137
364
370
557
1051
1435
1597
2238
2273
2275
2276
2277
2279
2283
2284
2285
2288
2289
2291
175
375
871
898
1337
1526
1699
1744
2292
2293
2294
402
1038
1569
1581
2296
2298
2299
2301
2302
2304
2307
2308
2310
2311
2312
2313
2315
2316
2319
2320
2321
2323
2324
2329
2330
2331
2332
2333
2334
2335
2336
2337
2338
2339
2341
345
395
517
664
828
1066
1157
1426
1765
1821
2109
2342
2344
2345
2347
2348
2349
2351
2353
2354
3
265
919
1196
1325
1336
2019
2278
2357
2359
2360
2362
2363
2364
2365
2367
2368
2369
2375
2376
2381
2383
2385
2388
2390
2391
2392
2393
2400
2401
2402
2403
2405
2406
2408
2409
2413
2414
2415
2416
2417
2418
2419
455
491
757
829
1433
1466
1958
1964
2224
2356
2420
2421
2423
2425
2426
2427
2428
2429
2430
2431
2433
42
71
278
715
1127
1812
2382
2435
2441
2442
2443
2445
2446
2447
2448
2450
2452
2453
2454
2456
2457
2460
2461
2462
612
1395
2395
2463
2465
2467
709
628
1263
1505
1674
1683
1794
1969
2086
2107
2372
2444
2468
2469
2471
2472
2473
2475
2477
2479
2481
2482
2483
2484
2490
2491
2492
2495
2496
2497
2498
2499
2501
2502
2505
2507
2508
2509
2510
2512
2513
139
98
338
367
1
106
398
216
11
68
313
45
342
14
69
53
28
87
35
149
3
270
316
148
381
36
18
330
362
44
203
2
182
274
314
402
43
105
144
254
112
177
86
137
200
321
400
26
75
155
51
124
328
369
21
33
146
79
111
126
129
273
59
107
326
350
0
42
173
190
336
374
376
10
20
92
195
226
263
46
134
172
179
183
207
229
271
315
407
7
93
127
130
132
160
208
278
323
339
131
141
171
176
264
276
308
384
16
17
246
250
257
284
347
352
408
13
74
104
108
114
283
291
295
8
70
166
363
37
65
125
151
169
266
341
385
38
47
192
399
