1605
2381
77
127
131
139
60
61
106
157
210
232
266
274
284
333
378
419
422
430
442
89
457
481
497
512
537
539
573
575
1
75
251
257
310
81
119
154
48
102
117
241
321
330
334
379
383
387
410
415
428
434
533
540
542
562
579
580
588
593
377
398
401
411
424
502
556
576
594
598
609
610
616
624
633
656
672
674
680
694
698
708
752
762
766
774
778
782
787
791
793
806
813
818
221
409
713
822
832
846
854
856
859
862
866
888
897
904
912
931
34
53
196
249
335
385
651
687
692
22
129
186
141
199
213
6
290
407
416
417
441
452
529
641
678
697
727
798
804
881
908
913
934
938
951
128
220
522
675
691
952
957
962
964
965
968
970
972
975
985
1020
11
125
294
373
429
480
489
586
621
770
784
803
900
963
1022
1028
1032
18
179
226
243
488
504
587
25
27
30
31
130
136
206
269
287
267
114
324
331
352
384
439
443
462
473
520
69
90
281
516
550
471
503
560
566
578
602
605
10
158
237
238
329
341
425
468
193
346
563
635
661
667
668
669
690
712
731
231
253
748
755
764
765
777
779
789
800
810
847
855
864
872
876
895
901
15
772
78
134
304
356
535
676
781
857
891
905
936
947
959
974
983
989
991
1039
1044
1045
1049
1056
1063
1065
1073
1074
1075
1077
1082
7
173
52
288
440
470
612
638
994
1086
1090
1091
1092
1096
1100
1105
1106
1107
1109
1110
1116
1003
1117
1118
1120
1126
1137
1143
1148
1153
1155
1158
1160
1163
1169
1170
1179
1185
1186
1189
1197
1198
1199
1200
1211
1227
1234
1238
1239
1241
149
679
903
942
1059
1087
1201
1236
1243
1244
1245
1247
1248
1254
1257
1261
13
16
41
49
147
163
493
513
565
591
35
91
104
201
272
44
293
348
392
636
673
775
796
844
852
907
916
930
935
979
988
1000
1041
1141
1152
1181
1229
1272
1277
1280
1288
1292
1299
1307
1309
1310
1311
1324
1328
1335
1338
1349
1353
1358
1359
1367
1368
1371
1373
1375
1376
1377
1380
1384
1385
276
372
1023
1034
1036
1071
1386
1388
1389
32
144
148
170
279
461
464
954
984
1048
1297
182
941
1334
1390
1391
1394
1396
1402
39
43
66
171
474
607
631
786
812
879
884
886
929
969
1011
1178
1315
1407
1409
1412
1414
1425
1432
1436
320
418
239
357
437
702
874
1068
1139
1151
1397
1437
1440
1442
1443
1445
1448
1450
1453
1454
1455
1456
1457
1460
1465
1468
1470
1472
1473
1478
1481
236
366
842
28
152
405
525
126
135
174
322
325
351
381
510
531
548
658
663
677
704
725
758
841
920
921
926
955
1021
1114
1129
1154
1356
1424
1430
143
191
222
337
382
508
584
721
805
1007
1094
1103
1121
1147
12
353
358
421
790
848
101
323
568
815
939
1006
1149
1150
1174
1193
1219
1225
1305
1346
1357
1362
1387
1483
1484
1485
1487
1489
1490
1496
212
256
653
683
714
1477
1497
1502
1508
1509
1513
1515
70
79
94
463
467
569
750
1165
1520
1529
1530
1533
263
783
795
1190
1459
1536
1545
64
234
271
426
1156
1218
1476
1538
1546
1550
1553
1554
1572
1573
1574
1580
14
17
100
187
252
307
309
332
340
406
451
499
701
706
720
831
834
923
1067
1278
1294
1316
1361
1549
1559
1584
1589
1592
1593
140
526
73
153
297
738
944
949
1192
1228
1230
45
203
47
388
459
476
956
1018
1083
1217
1242
1279
1344
1374
1379
202
541
682
820
1360
1418
1482
1594
1596
1598
1605
1606
1608
1609
1612
1614
1616
1617
1619
1620
1626
1627
650
967
1613
1628
1629
1631
1633
1636
1637
1641
1646
1648
1649
1652
1654
1658
1659
1660
1661
1662
1663
1665
1667
1668
1669
1670
29
302
469
611
734
849
902
1108
1135
1214
1672
1678
1681
1684
1689
1691
363
51
103
190
260
376
255
277
391
396
413
498
528
571
632
723
728
742
910
927
932
950
982
996
1005
1052
1060
1122
1168
1195
1240
233
285
343
246
596
899
911
1276
1303
1330
1364
1444
1480
1488
1541
1562
1566
1575
1604
110
192
454
204
466
654
840
1099
1339
1640
1676
1677
1694
1698
1700
1701
1702
1703
1705
1706
1707
1711
1712
1713
74
224
5
311
397
763
1101
1180
1256
1290
1302
1517
1715
1716
1719
552
665
980
1237
1720
1721
1722
1723
1724
1726
1730
1732
1734
1741
494
581
645
689
717
776
259
860
893
1175
1351
1408
1475
1682
1685
1742
1743
1747
1752
1753
1754
1756
1759
1761
1764
1767
1774
1775
1776
1777
1033
1291
1779
1780
1782
1784
1786
1789
1795
1796
1797
1801
1802
1804
1805
1806
1807
1808
1810
1811
1813
1815
1818
1819
1826
58
88
95
109
367
408
364
431
450
524
646
649
671
753
780
788
811
835
878
973
978
1064
1098
1124
1184
1204
1258
1296
1341
1403
1421
1474
1543
1695
1710
1733
1828
1831
1832
1838
1839
1845
1847
1848
1849
1850
258
368
768
917
283
289
308
275
423
547
688
744
1510
1568
1601
1623
1630
1687
1763
1846
1853
1855
1856
1861
1862
1867
1870
1871
1873
1877
1878
1879
1880
1882
1883
1884
1885
1886
1887
1888
1889
1893
68
194
354
670
1095
1284
1495
1894
1896
1898
1899
1900
1901
1902
1904
1905
1906
1907
1911
1913
1914
1915
1916
1918
1919
1920
1921
1922
1923
1924
1926
1928
1931
1934
1935
1938
1940
1942
1947
1951
1955
150
404
681
759
1758
1956
1957
1963
1965
1966
1968
1970
1974
1976
1977
1978
1979
1980
1981
1983
1985
1988
1989
1990
1991
1993
1994
1996
1997
1998
1999
2000
2003
2008
2012
2014
2015
2016
2018
2024
2025
2026
2027
2029
2033
2034
2035
2036
2037
2038
2041
2043
2044
33
506
527
722
797
1233
1300
2047
2048
2049
2051
2054
2055
2056
2057
2059
2061
2063
2065
2069
2071
2072
2073
2074
2075
976
1183
1250
1555
1611
2076
684
741
890
1061
1449
1686
2080
2084
2085
2087
2088
2089
2090
2091
2095
2096
2097
2100
2103
2106
2108
2110
2111
2115
2117
2120
2122
2123
2127
2131
2133
2134
2135
254
433
1176
1194
2114
2136
2140
2142
2143
2146
2151
2157
2158
2159
2160
2161
160
486
1004
1079
1119
1295
1393
1486
1539
1643
1739
1792
1950
2001
2128
2162
2163
2164
2165
2166
2167
2169
2170
2171
2173
2176
2177
2180
2181
2182
2183
2185
2187
2188
521
177
2
93
339
479
518
590
597
747
792
657
961
1027
1080
1271
1275
1348
1381
1595
1820
1961
1975
328
515
1012
2007
2010
2021
2092
2153
209
244
313
350
495
719
853
1161
1321
1769
1936
123
958
1203
1600
2066
2137
2145
2189
2190
2191
2192
2193
2196
2199
2200
2202
2203
2205
2206
2210
2211
2212
2217
2218
2220
2221
2223
2227
2230
217
1212
1499
1618
1817
1932
2231
2233
2236
2237
2239
2240
2241
2243
2245
2247
181
420
570
1031
726
740
785
839
1269
1392
167
483
819
986
1264
1492
1635
1692
1704
1787
1833
2079
2093
2112
2178
2252
2255
2256
2260
63
472
1750
2261
2262
2263
2264
2265
2266
2268
2269
2271
2272
137
370
557
1051
1435
1597
2238
2273
2275
2276
2277
2279
2283
2284
2285
2288
2289
2291
175
375
871
898
1337
1526
1699
1744
2292
2293
2294
402
1038
1569
1581
2295
2296
2298
2299
2301
2302
2303
2307
2308
2309
2310
2311
2312
2313
2315
2316
2319
2320
2321
2323
2324
2328
2329
2330
2331
2332
2333
2334
2335
2336
2337
2338
2339
2341
345
395
517
664
828
1066
1157
1426
1765
1821
2109
2342
2344
2345
2347
2348
2349
2351
2353
2354
3
265
919
1196
1325
1336
2019
2278
2357
2359
2360
2362
2363
2364
2365
2367
2369
2375
2376
2383
2385
2387
2388
2390
2391
2392
2393
2400
2401
2402
2403
2405
2406
2408
2409
2413
2414
2415
2416
2417
2418
2419
455
491
757
829
1433
1466
1958
1964
2224
2356
2420
2421
2423
2425
2426
2427
2428
2429
2430
2431
2433
42
71
184
278
509
715
928
1055
1127
1268
1812
2382
2435
2440
2441
2442
2443
2445
2446
2447
2448
2450
2452
2453
2456
2457
2460
2461
2463
2465
2467
709
1505
1674
2468
2469
2471
2472
2473
2475
2477
2479
2481
2482
2483
2484
2490
2491
2492
2495
2496
2497
2498
2499
2501
2502
2507
2508
2509
2510
2512
2513
2514
225
630
655
1173
1221
1222
1498
1607
2195
2232
2371
2515
2516
2517
2518
2520
2521
2523
2526
2529
2530
2531
2532
2533
2536
2537
2538
2539
2540
2542
2543
2544
2545
2546
2547
2548
2549
2551
2554
2555
2556
2557
2558
2559
2560
2562
2563
2567
2568
2569
2571
2575
2576
2577
2578
2579
2580
2581
2586
2591
2592
2595
2596
2597
2598
2599
138
98
367
11
338
106
398
1
68
69
14
342
35
45
87
313
149
28
316
3
274
2
177
54
222
216
18
270
148
404
105
124
200
112
144
203
44
137
254
26
86
155
330
182
321
400
402
34
75
314
374
326
21
33
129
36
51
107
146
264
273
40
111
126
173
229
336
0
20
59
172
226
350
369
376
408
122
208
315
407
7
17
67
93
134
141
160
179
183
190
271
352
16
92
130
131
176
250
276
278
384
127
132
308
323
13
104
246
257
284
291
8
29
108
171
283
339
37
70
114
125
166
263
347
363
65
151
169
214
227
266
295
341
385
38
47
192
215
399
