304
232
928
939
1076
1222
1316
1493
2648
2907
3019
3068
3512
3854
5616
5845
5978
6040
6665
6812
6870
7455
7553
7815
7938
8084
38
70
71
406
431
533
595
748
829
883
935
1245
1346
1398
1474
1502
1538
1612
1730
1780
1896
1930
2042
2061
91
227
967
1203
1313
1321
1778
2007
2114
2210
2273
2345
2446
2470
2502
2529
2635
2822
2869
2941
3187
3360
3369
3470
3494
3537
3578
3592
3699
3741
3755
3792
10
74
169
233
476
532
596
53
171
254
258
459
465
492
664
669
672
713
720
724
948
1030
1081
1135
1155
1168
1206
1213
1221
1232
1258
1373
1518
1661
1710
1716
1734
1738
1824
1849
1918
1937
1967
1995
1999
2091
2104
2192
2260
2360
2388
2450
2489
2549
2604
90
130
167
196
204
434
443
778
844
912
936
999
1010
1070
1273
1510
1511
1632
1689
1771
1782
1848
1854
1875
1969
2028
2048
2092
63
72
102
125
131
9
94
110
153
206
210
228
269
280
329
333
342
360
365
383
470
485
517
550
584
589
31
43
14
75
85
128
203
248
322
41
48
98
192
268
355
394
452
479
503
571
592
608
118
163
225
315
354
384
487
488
540
615
617
623
243
368
420
430
498
625
635
660
665
676
686
688
692
698
719
728
730
749
752
755
786
794
803
811
817
100
111
191
240
97
174
194
277
281
321
376
55
239
369
397
484
502
508
575
647
677
683
726
740
835
843
850
864
874
878
882
891
895
896
916
934
947
951
56
96
158
176
200
222
263
338
454
468
500
5
49
298
407
471
3
23
217
96
173
278
2
192
61
26
149
335
44
373
39
56
101
112
227
11
33
47
174
276
161
